! 7	8	10	11	13	14	15	17	20
" 0	0	0	0	0	0	0	0	0
# 0	0	0	0	0	0	0	0	0
$ 13	16	18	21	23	26	29	31	37
% 25	29	34	38	44	49	53	59	68
& 22	26	30	35	39	43	48	52	61
' 7	8	10	12	13	15	15	17	20
( 8	9	11	13	15	16	17	19	22
) 8	10	12	14	16	18	19	20	24
* 12	15	17	19	22	25	27	29	34
+ 0	0	0	0	0	0	0	0	0
, 7	8	10	11	13	14	15	17	20
- 8	10	11	13	15	17	17	19	23
. 7	8	10	11	13	14	15	17	20
/ 8	9	11	12	14	15	17	19	22
0 13	16	18	21	24	27	29	31	37
1 12	15	16	19	22	24	27	29	34
2 13	16	18	21	24	27	30	32	38
3 14	16	18	21	24	27	30	32	38
4 13	16	18	21	24	27	30	32	38
5 13	16	18	21	24	27	30	31	37
6 13	16	18	21	24	26	29	31	37
7 13	16	18	21	24	27	30	32	37
8 13	16	18	21	24	26	29	31	37
9 13	16	18	21	24	27	29	31	37
: 7	8	10	11	13	14	15	17	20
; 7	8	10	11	13	14	15	16	20
< 0	0	0	0	0	0	0	0	0
= 0	0	0	0	0	0	0	0	0
> 0	0	0	0	0	0	0	0	0
? 12	15	17	20	22	25	28	29	35
@ 0	0	0	0	0	0	0	0	0
A 19	23	27	31	35	39	43	47	55
B 19	21	25	29	32	36	40	43	51
C 19	23	26	30	34	38	42	45	53
D 20	23	27	31	35	39	43	47	55
E 19	21	25	29	32	36	40	43	51
F 17	19	23	26	30	33	36	40	47
G 21	25	29	33	37	41	46	50	57
H 22	25	29	34	38	42	47	51	59
I 11	12	14	16	18	21	23	25	29
J 14	17	19	22	25	28	31	33	39
K 21	25	29	34	38	42	46	50	58
L 18	21	25	29	32	36	40	43	51
M 26	31	36	41	46	51	57	62	72
N 20	23	27	31	35	39	43	47	55
O 21	25	29	33	37	41	46	50	57
P 17	19	23	26	30	33	36	40	47
Q 21	25	29	34	37	41	46	50	57
R 20	23	27	31	35	39	43	47	55
S 14	18	21	23	26	29	32	35	40
T 18	21	25	29	32	35	39	42	50
U 19	23	27	31	35	39	43	47	55
V 20	23	27	31	35	39	43	47	55
W 27	32	38	43	49	55	60	66	77
X 19	23	27	31	35	39	43	47	55
Y 19	23	27	31	35	39	43	47	55
Z 18	21	25	29	32	35	39	42	50
[ 7	9	10	12	14	15	16	18	21
\ 0	0	0	0	0	0	0	0	0
] 8	10	12	14	15	17	18	20	23
^ 0	0	0	0	0	0	0	0	0
_ 0	0	0	0	0	0	0	0	0
` 7	9	10	12	13	15	16	17	20
a 13	16	18	21	24	27	29	31	37
b 14	18	21	24	27	30	33	36	41
c 11	14	16	19	21	24	26	28	33
d 14	18	21	24	27	29	32	35	41
e 11	14	16	19	21	24	26	28	33
f 9	10	12	14	16	18	19	21	25
g 13	16	18	21	24	27	29	31	37
h 14	18	21	24	27	30	33	36	42
i 7	8	10	11	13	14	16	18	21
j 11	13	15	18	20	22	24	26	31
k 15	18	21	24	27	30	33	36	42
l 8	8	10	11	13	14	16	18	21
m 22	27	31	36	41	45	50	55	64
n 14	18	21	24	27	30	33	36	42
o 13	16	18	21	24	27	30	31	37
p 14	18	21	24	27	30	33	36	41
q 14	18	21	24	26	29	32	35	40
r 11	14	16	19	21	24	26	29	33
s 10	12	14	16	18	20	22	24	28
t 8	10	12	14	16	18	19	21	25
u 15	18	21	24	27	30	33	36	42
v 13	16	18	21	24	27	30	32	38
w 19	23	27	31	35	39	43	47	55
x 14	17	18	21	24	27	30	32	38
y 13	16	18	21	24	27	30	32	38
z 11	14	16	19	21	24	26	29	33
{ 0	0	0	0	0	0	0	0	0
| 0	0	0	0	0	0	0	0	0
} 0	0	0	0	0	0	0	0	0
~ 0	0	0	0	0	0	0	0	0























