! 8	10	12	13	15	17	17	19	23
" 0	0	0	0	0	0	0	0	0
# 0	0	0	0	0	0	0	0	0
$ 14	17	19	21	24	27	30	32	38
% 21	26	30	34	39	43	47	52	60
& 21	24	28	32	36	40	44	48	55
' 7	9	10	12	14	15	16	17	21
( 8	10	12	13	15	17	17	19	23
) 9	11	13	14	16	18	19	21	25
* 12	15	17	19	22	24	27	29	34
+ 0	0	0	0	0	0	0	0	0
, 7	9	11	12	14	16	16	18	21
- 8	9	11	13	14	16	17	18	22
. 6	7	9	10	11	13	13	15	17
/ 8	9	11	12	14	15	17	19	22
0 14	17	19	21	24	27	30	32	38
1 13	16	18	21	23	26	29	31	37
2 14	18	20	23	26	29	32	34	40
3 14	17	20	22	25	29	32	34	40
4 15	18	20	23	26	29	32	34	40
5 14	18	20	23	26	29	32	34	40
6 14	17	19	21	24	27	30	32	38
7 13	15	17	19	22	25	27	29	34
8 14	17	19	21	24	27	30	32	38
9 14	17	19	22	25	28	31	33	39
: 7	8	10	11	13	14	15	16	20
; 7	9	11	12	14	16	16	18	21
< 0	0	0	0	0	0	0	0	0
= 0	0	0	0	0	0	0	0	0
> 0	0	0	0	0	0	0	0	0
? 11	14	15	17	20	22	25	26	31
@ 0	0	0	0	0	0	0	0	0
A 19	22	26	29	34	37	40	44	52
B 18	21	26	29	33	36	39	43	51
C 18	21	25	28	31	35	39	42	49
D 21	25	30	34	38	42	46	50	59
E 18	21	25	28	32	35	38	43	50
F 18	21	25	28	32	35	38	43	50
G 19	23	27	30	34	38	42	46	53
H 21	25	29	33	38	42	46	50	59
I 10	12	14	16	19	21	22	24	29
J 13	16	18	21	24	27	29	32	37
K 20	23	27	31	34	38	42	45	53
L 16	20	24	27	30	33	36	39	46
M 24	29	33	38	44	48	53	58	68
N 20	24	28	32	35	39	44	47	55
O 19	23	27	30	34	38	41	45	53
P 18	21	25	28	32	35	38	43	50
Q 19	23	27	30	34	38	41	45	53
R 18	21	26	29	33	36	39	43	51
S 14	17	19	22	25	28	31	33	39
T 14	18	21	24	26	29	32	35	40
U 18	21	25	28	32	35	39	42	50
V 16	19	22	25	29	31	34	38	44
W 22	27	31	35	40	44	49	54	62
X 19	22	26	29	34	37	40	44	52
Y 14	18	20	23	26	29	31	34	40
Z 16	20	23	26	29	33	36	39	45
[ 11	12	14	16	18	21	23	24	28
\ 0	0	0	0	0	0	0	0	0
] 12	14	16	18	21	24	26	28	32
^ 0	0	0	0	0	0	0	0	0
_ 0	0	0	0	0	0	0	0	0
` 5	6	7	8	9	11	11	12	14
a 14	17	19	21	24	27	30	32	38
b 13	16	18	21	24	27	29	31	37
c 11	14	16	19	20	23	25	28	33
d 14	17	19	21	24	27	30	32	38
e 11	14	16	19	20	23	25	28	32
f 12	14	17	19	22	24	26	29	34
g 14	17	19	22	25	27	30	32	38
h 14	17	18	21	24	27	30	32	38
i 7	8	9	10	12	12	14	16	18
j 11	13	15	17	20	21	24	26	31
k 12	15	17	19	21	24	26	29	34
l 7	8	10	10	12	13	15	16	19
m 20	24	28	31	35	39	43	47	55
n 14	17	18	21	24	27	30	32	38
o 13	16	18	21	24	26	29	31	37
p 16	20	22	26	29	33	36	38	45
q 14	16	18	21	24	27	30	31	37
r 10	12	14	16	18	21	22	24	28
s 11	13	15	16	18	21	23	25	29
t 7	8	10	10	12	13	15	17	19
u 13	16	18	20	23	26	28	30	36
v 12	14	16	19	21	24	26	29	33
w 19	22	26	29	32	36	40	43	51
x 13	16	18	21	24	27	29	32	37
y 13	16	18	21	24	27	29	32	37
z 11	13	15	17	19	22	24	26	30
{ 0	0	0	0	0	0	0	0	0
| 0	0	0	0	0	0	0	0	0
} 0	0	0	0	0	0	0	0	0
~ 0	0	0	0	0	0	0	0	0
