! 6	7	8	10	11	12	13	14	17
" 8	10	11	13	14	16	18	18	21
# 20	24	28	33	36	40	45	48	56
$ 13	15	17	20	22	25	28	30	35
% 23	27	32	36	40	45	49	54	64
& 21	25	29	33	37	41	46	50	58
' 6	7	9	9	11	11	13	15	17
( 9	11	13	14	16	18	20	22	25
) 10	12	14	16	17	20	22	24	27
* 12	14	16	18	20	23	25	27	32
+ 21	25	29	34	38	41	46	50	59
, 6	8	9	10	12	13	13	15	18
- 8	10	12	13	15	17	18	19	23
. 6	8	9	10	12	13	13	15	18
/ 8	9	11	12	14	15	17	19	22
0 13	16	18	21	24	27	29	31	37
1 12	15	16	19	21	24	26	28	33
2 14	17	18	21	24	27	30	32	38
3 13	16	18	21	24	26	29	31	37
4 14	16	18	21	24	27	30	31	37
5 13	16	18	21	24	27	29	31	37
6 13	16	18	20	23	26	29	31	36
7 14	17	19	21	24	27	30	32	38
8 13	16	18	20	23	26	29	30	36
9 13	16	18	21	23	26	29	31	37
: 5	6	7	7	9	9	11	12	14
; 5	5	7	7	8	9	10	11	13
< 22	26	31	35	40	43	48	53	62
= 21	25	29	34	38	42	46	50	59
> 22	26	31	35	40	43	48	53	62
? 10	13	14	17	19	21	23	25	30
@ 24	29	33	38	43	47	53	58	67
A 23	27	31	35	40	44	49	53	62
B 18	21	24	28	31	35	39	42	48
C 19	22	25	29	33	36	40	44	51
D 21	24	29	33	37	41	45	49	57
E 19	22	26	29	33	37	41	44	51
F 16	20	23	25	29	32	35	39	45
G 22	25	30	34	38	42	47	50	59
H 23	26	31	35	40	44	49	52	61
I 9	11	13	15	17	18	20	21	25
J 11	14	16	17	19	22	24	26	31
K 20	24	29	33	36	40	44	49	56
L 18	21	24	28	31	35	39	41	48
M 26	30	35	40	45	50	56	61	70
N 21	25	30	33	37	41	45	50	58
O 21	24	28	33	36	40	45	48	56
P 15	18	21	25	28	31	33	36	43
Q 21	24	28	33	36	40	45	48	56
R 20	24	29	32	36	40	44	49	56
S 13	16	18	20	23	26	29	30	36
T 18	22	25	28	31	35	39	42	49
U 22	26	30	34	39	43	48	51	60
V 21	25	30	33	37	41	45	50	58
W 27	33	38	43	48	54	59	64	75
X 21	25	30	33	37	41	45	50	58
Y 21	25	30	33	37	41	45	50	58
Z 19	22	26	30	33	37	41	45	53
[ 7	9	10	12	13	15	15	17	20
\ 9	11	13	14	16	18	20	22	25
] 8	10	12	14	15	17	18	20	24
^ 8	10	12	13	15	17	18	20	23
_ 14	17	19	22	25	28	31	33	39
` 6	7	9	9	11	11	13	15	17
a 12	15	17	19	22	24	26	29	33
b 14	17	20	22	25	28	31	34	39
c 11	13	16	18	19	22	24	26	30
d 14	17	20	22	25	28	31	33	39
e 12	14	17	19	21	24	26	29	33
f 9	10	12	14	16	18	19	21	24
g 12	15	18	20	22	25	27	30	35
h 15	17	20	23	26	29	32	35	40
i 8	9	11	11	13	14	16	18	21
j 8	9	11	11	13	14	16	18	21
k 15	17	20	23	26	29	32	34	40
l 7	9	9	11	12	13	15	16	19
m 23	26	31	35	40	44	49	53	61
n 15	17	20	23	26	29	32	34	40
o 13	16	19	21	24	27	30	33	37
p 14	17	20	22	25	28	31	34	39
q 14	17	20	22	25	28	31	33	39
r 10	11	13	15	18	20	22	23	27
s 9	11	13	14	16	18	20	21	24
t 9	9	11	13	15	16	18	20	22
u 15	18	21	23	26	29	32	35	41
v 13	16	19	21	24	27	29	32	36
w 20	23	27	31	35	39	43	47	55
x 13	16	19	21	24	27	29	32	36
y 13	16	19	20	23	26	28	31	36
z 12	14	17	18	20	23	25	27	32
{ 9	11	13	14	16	18	19	21	25
| 2	2	3	3	3	3	4	4	6
} 9	11	12	14	16	18	19	21	25
~ 8	10	11	13	15	17	17	19	23
