! 0	0	0	0	0	0	0	0	0
" 8	10	11	13	14	16	18	18	21
# 21	24	28	33	36	40	45	48	56
$ 0	0	0	0	0	0	0	0	0
% 0	0	0	0	0	0	0	0	0
& 0	0	0	0	0	0	0	0	0
' 7	8	10	11	12	14	14	16	19
( 19	22	26	30	33	37	41	45	53
) 0	0	0	0	0	0	0	0	0
* 20	24	28	33	37	40	44	48	57
+ 21	25	30	34	38	41	46	50	59
, 0	0	0	0	0	0	0	0	0
- 23	28	33	38	43	47	51	56	66
. 0	0	0	0	0	0	0	0	0
/ 21	25	30	34	38	41	46	50	59
0 22	26	31	35	40	43	48	53	62
1 22	26	31	35	40	43	48	52	62
2 22	26	31	35	40	43	48	52	62
3 21	25	30	34	38	41	46	50	59
4 14	18	20	23	26	28	31	34	39
5 14	18	20	23	26	28	31	34	39
6 7	8	10	11	12	13	15	15	18
7 7	8	10	11	12	13	15	15	18
8 0	0	0	0	0	0	0	0	0
9 13	15	18	21	23	26	29	31	36
: 0	0	0	0	0	0	0	0	0
; 0	0	0	0	0	0	0	0	0
< 22	26	31	35	40	43	48	53	62
= 21	25	30	34	38	42	46	50	59
> 22	26	31	35	40	43	48	53	62
? 0	0	0	0	0	0	0	0	0
@ 24	29	34	38	43	47	53	58	67
A 0	0	0	0	0	0	0	0	0
B 0	0	0	0	0	0	0	0	0
C 17	21	24	27	30	34	38	41	47
D 19	22	26	30	33	37	41	45	53
E 0	0	0	0	0	0	0	0	0
F 0	0	0	0	0	0	0	0	0
G 0	0	0	0	0	0	0	0	0
H 19	21	25	29	32	36	40	43	51
I 0	0	0	0	0	0	0	0	0
J 0	0	0	0	0	0	0	0	0
K 21	24	29	33	37	41	45	49	57
L 0	0	0	0	0	0	0	0	0
M 0	0	0	0	0	0	0	0	0
N 21	25	30	33	38	42	46	50	58
O 0	0	0	0	0	0	0	0	0
P 19	21	25	29	32	36	40	43	50
Q 0	0	0	0	0	0	0	0	0
R 19	22	26	29	32	36	40	43	51
S 0	0	0	0	0	0	0	0	0
T 0	0	0	0	0	0	0	0	0
U 22	26	31	34	39	43	48	52	60
V 0	0	0	0	0	0	0	0	0
W 23	28	33	38	43	46	51	56	66
X 21	24	29	33	37	41	45	50	57
Y 11	13	15	18	19	22	24	26	31
Z 0	0	0	0	0	0	0	0	0
[ 21	25	29	33	37	41	45	50	58
\ 9	11	13	14	16	18	20	22	25
] 23	27	32	36	41	45	49	54	63
^ 8	10	12	13	15	17	18	20	23
_ 14	17	19	22	25	28	31	33	39
` 8	10	12	13	15	17	18	20	23
a 17	21	24	27	30	34	38	41	47
b 16	19	22	25	28	31	35	38	44
c 15	19	22	25	29	31	34	38	44
d 13	16	18	21	24	27	29	32	37
e 12	14	17	20	21	24	26	29	34
f 12	13	16	18	20	23	24	27	31
g 17	21	24	28	31	35	38	41	48
h 13	15	18	21	23	26	29	31	36
i 8	10	11	13	15	16	18	18	22
j 14	17	20	22	26	28	31	35	40
k 15	19	22	24	28	31	34	37	43
l 18	20	24	27	31	34	38	41	48
m 13	16	19	22	25	28	30	33	38
n 12	14	17	19	21	24	25	28	33
o 13	16	19	22	24	27	30	33	37
p 19	22	26	30	33	37	41	45	52
q 12	15	18	20	23	26	28	31	35
r 17	21	24	28	30	34	38	41	48
s 13	15	17	20	22	25	27	30	35
t 15	18	21	24	28	31	34	37	43
u 19	22	26	29	33	37	41	45	52
v 16	19	22	25	29	32	35	39	44
w 17	21	24	28	30	34	38	41	48
x 19	22	26	29	33	37	41	45	52
y 13	15	18	20	23	26	28	31	35
z 24	29	34	39	44	48	53	58	68
{ 9	11	13	14	16	18	19	21	25
| 5	6	8	8	9	10	11	12	14
} 9	11	13	14	16	18	19	21	25
~ 8	10	12	13	15	17	17	19	23
